138


454


465
468
469
474
476
477
478
481
482
484
485
488
489
490
492
495
496
497
499
501
514
516
523
524
530
531
532
534
536
541
543
544
548
557
562
567
568
571
572
574
583
587
594
599
610
612
615
616
619
621
623
624
627
628
630
636
640
642
644
661
673
674
679
686
694
713
714
719
725
727
729
736
739
748
750
760
762
763
782
784
785
787
793
796
820
821
834
836
846
847
871
872
880
884
895
900
908
914
924
929
941
948
957
962
967
974
991
993
995
1069
1076
1084
1103
1105
1111
1112
1113
1121
1160
1174
1176
1177
1180
1182
1184
1185
1189
1197
1208
1210
1213
1216
1223
1224
1225
1226
1227
1230
1235
1246
1254
1264
1314
1339
1346
1368
1395
1402
1479
1561
1676
1709
1726
1727
1728
1729
1730
10000
10003
10004
10005
10006
10007
10008
10009
10010
10014
10015
10019
10023
10025
10026
10032
10034
10036
10041
10042
10047
10048
10049
10050
10056
10061
10062
10066
10067
10069
10070
10074
10075
10077
10080
10082
10083
10088
10092
10093
10098
10099
10100
10101
10104
10107
10125
10126
10127
10128
10129
10130
10131
10137
10139
10140
10147
10150
10158
10161
10162
10165
10168
10170
10179
10182
10183
10188
10189
10190
10191
10192
10193
10194
10195
10198
10199
10200
10212
10219
10220
10221
10222
10223
10227
10229
10234
10235
10242
10243
10252
10258
10260
10278
10281
10282
10283
10285
10286
10290
10295
10297
10298
10299
10301
10302
10303
10304
10305
10308
10310
10311
10313
10323
10324
10325
10327
10330
10334
10336
10338
10340
10341
10344
10347
10349
10359
10364
10369
10374
10375
10392
10393
10394
10397
10400
10404
10405
10407
10420
10424
10427
10432
10433
10446
10450
10451
10453
10459
10462
10464
10465
10473
10484
10487
10489
10490
10494
10496
10497
10499
10508
10509
10515
10518
10519
10522
10525
10530
10533
10534
10539
10551
10566
10573
10579
10583
10587
10591
10600
10608
10611
10616
10622
10633
10635
10637
10642
10650
10653
10656
10664
10667
10673
10677
10678
10679
10680
10683
10684
10685
10688
10689
10693
10699
10700
10701
10702
10706
10709
10714
10718
10721
10725
10738
10739
10746
10759
10763
10773
10776
10780
10784
10789
10791
10792
10800
10806
10810
10812
10814
10815
10820
10827
10842
10852
10856
10862
10878
10879
10880
10891
10892
10905
10909
10910
10912
10919
10921
10922
10924
10925
10926
10928
10929
10930
10931
10935
10938
10943
10945
10946
10948
10959
10970
10976
10986
10990
10991
10992
10994
11000
11002
11005
11015
11019
11029
11038
11039
11040
11045
11056
11057
11059
11060
11062
11063
11064
11068
11078
11080
11082
11084
11085
11086
11089
11094
11100
11107
11110
11115
11121
11130
11136
11137
11138
11151
11152
11159
11161
11174
11185
11191
11192
11198
11220
11222
11223
11226
11228
11233
11235
11244
11247
11262
11278
11280
11282
11287
11292
11297
11309
11310
11311
11313
11321
11327
11340
11342
11344
11349
11350
11351
11352
11353
11354
11356
11357
11360
11361
11362
11369
11371
11384
11385
11386
11389
11398
11401
11402
11403
11407
11408
11413
11417
11424
11426
11428
11437
11448
11450
11455
11456
11462
11463
11466
11470
11475
11476
11479
11480
11481
11483
11485
11488
11489
11491
11494
11495
11504
11506
11512
11518
11520
11523
11525
11526
11530
11536
11541
11542
11553
11554
11556
11565
11567
11576
11577
11579
11584
11588
11590
11608
11609
11614
11621
11624
11631
11634
11636
11639
11646
11650
11654
11661
11677
11678
11686
11687
11689
11690
11703
11710
11713
11715
11716
11723
11728
11729
11730
11733
11734
11743
11747
11752
11753
11760
11762
11764
11770
11774
11776
11777
11780
11787
11790
11797
11804
11817
11821
11824
11827
11830
11838
11839
11849
11850
11858
11871
11875
11876
11878
11879
11888
11889
11892
11900
11902
11903
11904
11909
11917
11926
11933
11934
11936
11942
11945
11946
11952
11953
11955
11958
11959
11960
11965
11970
11977
11979
11981
11982
11984
11986
11987
11990
11991
11992
11994
11997
12003
12004
12005
12015
12019
12027
12028
12030
12032
12033
12034
12036
12039
12043
12049
12050
12052
12055
12057
12060
12062
12063
12064
12065
12066
12068
12070
12071
12072
12073
12074
12075
12081
12085
12087
12090
12091
12092
12097
12101
12114
12115
12117
12118
12119
12120
12123
12136
12141
12149
12157
12160
12168
12195
12207
12208
12210
12243
12257
12280
12281
12293
12299
12338
12342
12345
12347
12356
12361
12363
12365
12369
12372
12375
12393
12394
12403
12405
12406
12410
12416
12424
12425
12436
12437
12439
12440
12442
12444
12455
12459
12461
12463
12464
12465
12467
12468
12469
12470
12473
12478
12482
12488
12494
12498
12501
12502
12503
12504
12505
12506
12507
12511
12517
12526
12527
12531
12532
12538
12541
12542
12543
12554
12555
12572
12578
12583
12587
12589
12592
12593
12596
12598
12599
12602
12604
12611
12619
12620
12626
12715
12716
12717
12747
12749
12769
12776
12798
12802
12833
12837
12873
12874
12878
12879
12880
12881
12886
12897
12898
12911
12916
12930
12965
12981
12992
12995
12996
12998
13003
13004
13005
13011
13015
13017
13018
13021
13022
13024
13025
13026
13034
13035
13036
13037
13038
13042
13047
13048
13050
13055
13071
13072
13083
13090
13091
13092
13093
13094
13095
13101
13103
13104
13106
13107
13109
13117
13118
13122
13123
13126
13127
13129
13130
13131
13132
13133
13134
13135
13137
13140
