5 16 61
37496 4
41541 4
23329 5
18624 3
27048 4
34464 4
22732 3
16920 4
40796 1
20912 2
36697 2
16699 5
25587 1
46446 1
10017 1
10620 1
12884 4
16206 5
20620 1
10109 1
35799 4
47883 1
14594 3
16881 1
32381 3
11674 1
44840 1
20969 3
23684 3
25027 4
32767 1
36370 2
15646 1
33982 2
42457 3
42268 4
49865 2
26877 4
35433 3
20389 2
34685 3
10065 1
25810 1
42157 1
40205 2
15077 4
46392 2 4
46164 5
23537 3
34912 1
19969 5
15724 2
19517 4
17629 2
10884 1
29346 3
20875 5
17545 3
22596 4
27489 2 3
30485 4
34498 5
47410 1
44933 5
21464 4
11120 5
25270 2
46090 1
32804 4
42958 4
21639 5
29303 1
44823 1
26718 1 4
23487 1
22064 2
15160 5
4 8 47
12375 4
17266 4
19911 4
22450 1 4
18046 2
35757 1
39346 3
23126 4
31384 2
10450 2
12229 1
43697 3
44284 3
29182 2
16770 2
35056 3
24152 2
24914 4
13413 2
20450 3
28579 4
32927 2
28203 1
27089 2
46105 1
18623 4
10716 4
35482 1
29257 2
36983 1
33627 4
40559 1
10279 1
24229 1
43950 1
23504 3
24754 4
20703 3
13049 4
46771 4
37285 3
29002 2 4
13628 2
49110 2
44716 2
15817 4
33917 2
21359 2
36710 4
22604 4
45111 3
45697 1
37239 4
39419 4
13260 1
3 1 52
28524 2
42340 3
34091 3
37462 1
14246 1
33080 2
21069 2
46809 1
14803 3
16001 1
35437 3
37918 3
16003 2
34072 3
19721 1
13285 2
15230 1
20924 3
19967 1
37497 2
34216 3
40236 3
33961 1
40940 2
28082 2
39407 2
12332 2
19105 1
22424 3
29970 1
37522 1
22403 1
31483 3
43373 1
46255 2
28218 1
36594 2
49515 3
28078 3
47853 3
15345 1
35412 1
30404 3
24362 2
26049 2
35611 3
38213 2
19219 1
14162 2
10750 1
25677 3
35994 3
17337 2
7 12 60
46508 6
27043 1
12776 5
11575 7
35203 4
35177 4
15169 2
31612 5
30021 6
31516 1 5
22279 4
10213 3
31954 5
29808 5
22056 1
48891 2
16660 2
40244 3
20546 6
22519 6
30751 7
34588 3
40011 4
45272 6
15305 4
35705 5
36283 5
31704 1
42448 5
21311 6
10458 3
35851 7
29913 6 7
34203 3
27251 1
10650 2
13402 3
27760 4
41982 7
35451 1
31321 6
35981 5
32083 4
44355 2 7
35798 3 5
49639 1
26306 5
18291 4
31760 1
44538 7
11914 6
23531 5
48661 6
10097 5
34025 6
20121 1
28773 5
29662 6
36204 5
13365 6
23647 4 7
22611 6
35124 4
20822 6
10987 2
12023 4
15146 4
26245 6
38267 3
16854 2
34595 3
45752 7
4 13 3
24060 2 4
16209 2
22799 1
27491 1 3
36760 3
44920 2
23472 3
29473 1
10462 3
19602 3
40201 1
25863 1
48791 4
33557 1
18675 4
39765 2
5 11 83
31072 3
16264 5
23255 5
29372 1
28463 5
36151 4
35969 3
27970 1
20387 2
20682 5
43815 1
29393 3
10005 1
35922 1
24847 1
12370 3
18797 3
20564 3
48256 2
15876 5
19274 5
34409 1
18273 3
46336 5
10401 4
34924 1
49065 4
23006 4
18076 2
38309 5
41439 3
47832 5
20874 1
29449 5
12375 1
10766 3
48216 2
45282 1
14780 4
42381 3
48233 3
18975 1
28757 4
28550 5
22446 2
19822 1
37684 2
19109 5
41307 5
18480 3
19652 2
32251 1
15114 5
27443 5
12433 3
11649 2
43462 1
41624 2
26679 3
18789 5
44070 4
30359 4
30518 5
30860 3
34872 2
18998 1
14576 1
37666 4
31655 4
20020 3
20904 2
11537 4
32813 5
32569 2
46817 4
31465 1
14195 1
15394 4
27596 1
48407 5
18736 1
13215 4
32823 4
20811 3
31424 4
39723 5
48820 5
17074 5
14290 5
11702 4
33289 3
40015 3
39529 2
32869 5
4 4 50
33308 1
23610 4
17722 1
22738 4
48424 2
19791 1
33037 3
18351 2
37272 4
15360 1
18496 4
46302 3
18289 2
10665 4
17464 2
44242 3
43778 2
18455 2
10061 3
31714 2
33396 2
15051 3
39279 3
20060 4
15541 1
15543 1
28520 4
19660 1
14722 3
25715 1
46185 2
41856 2
49113 1
21748 2
39511 2
30668 4
33362 2
24333 2
32475 2
22531 2
30710 2
16657 1
29716 4
14236 4
21099 1
37518 3
33171 2
15289 1 4
10382 2
24369 1
31309 4
39522 3
21744 4
29593 4
2 1 10
31582 1
47762 1
30194 2
11313 2
26869 2
42395 1
11560 1
14867 1 2
15061 2
39709 2
49884 1
1 4 67
35900 1
25598 1
18547 1
47784 1
17158 1
36702 1
43376 1
33385 1
31454 1
19183 1
31226 1
14767 1
17086 1
17393 1
28549 1
39791 1
44058 1
39223 1
28667 1
29375 1
42157 1
36618 1
41388 1
32896 1
14405 1
39556 1
38301 1
43436 1
13513 1
24537 1
40564 1
26212 1
31439 1
21025 1
14413 1
37922 1
12254 1
37913 1
33140 1
37664 1
21460 1
24753 1
45419 1
15800 1
24109 1
45175 1
45668 1
33917 1
20577 1
37570 1
21961 1
35398 1
39837 1
34815 1
12834 1
47893 1
48251 1
14833 1
28149 1
36536 1
24094 1
36810 1
14012 1
12852 1
36455 1
35574 1
28014 1
32163 1
45053 1
29444 1
11994 1
2 8 79
26822 1
36415 1
48056 2
33077 1
47187 2
25493 1
23493 2
33419 2
38863 1
40083 2
13848 1
21149 2
23641 1
41020 1
43352 2
22879 2
31677 1
29133 1
31323 1
23731 2
31255 2
14741 1
40519 1
15771 1
23245 1
41819 1
16513 2
34484 2
23908 2
10889 1
37491 2
43874 2
14079 2
14590 1
40806 2
10910 2
28670 1
22486 2
45571 2
22429 2
23292 1
33315 1
20922 1
43468 2
25213 2
45124 1
35477 1
28648 1
38632 2
22448 2
49714 2
47897 1
11217 2
46084 2
15513 1
29321 1
15554 2
29191 1
30952 2
34875 2
35594 2
40070 1
20563 1
28264 2
29255 2
46621 2
14227 1
15512 2
35142 1
49560 1
29134 1
28630 1
34605 1
32191 2
33179 1
33011 1
42822 2
27743 2
32260 2
12962 2
47345 1
30205 2
31824 1
23414 1
34259 2
19868 2
33331 2
4 4 52
23802 2
24925 2
25346 1 2
25334 4
24791 2
40253 3
43113 4
36617 1
26941 2
23038 2
46379 3
38861 3
16764 3
14750 1
43665 2
11743 3
44404 3
19123 1
46295 4
40734 1
34102 3
38465 4
14328 1
17673 1 4
37888 2
20720 2
14704 1
35155 2
34277 1
48440 1
44082 3
49644 1
34874 1
45947 2
42201 1
35294 3
24648 1
37004 2
22122 3
30121 1
30318 1
29280 2
27570 3
24212 1
36289 4
20350 4
33656 1
47419 1
26396 1
26179 4
16983 1
39619 2
33032 2
29074 3
42402 2
16238 2
1 16 36
41601 1
10759 1
47804 1
25283 1
48328 1
40590 1
11003 1
12443 1
46793 1
24058 1
21584 1
45665 1
32437 1
31335 1
35332 1
22226 1
35710 1
29288 1
39478 1
36831 1
37945 1
42312 1
24126 1
35142 1
10530 1
12731 1
29188 1
49730 1
12009 1
41023 1
32633 1
12741 1
29933 1
16832 1
33463 1
20017 1
42006 1
46046 1
32139 1
10800 1
17472 1
10667 1
44944 1
44959 1
19394 1
23246 1
37825 1
17966 1
16022 1
15089 1
15367 1
25327 1
5 8 74
39507 3
12422 1
40812 4
42975 2
30602 1
21411 1
32872 4
14186 1
19591 2
46154 2
11777 1
44122 3
14408 2
18348 1
21779 5
48975 4
39372 4
41780 3
14658 1
28122 3
42298 3
37460 2
44398 2
40778 4
40243 4
37570 3
14839 1
17505 5
47057 1
41235 1
35140 2
18146 5
25283 2
19875 1
43913 4
17226 5
48663 3
42402 4
18814 2
19561 4
11953 1
11721 4
18268 1 5
16751 2 3
46059 5
40481 1
11631 4
28834 4
24888 4
32520 3
16871 2
42284 3
18895 2
22160 4
35208 1
11653 4
44222 5
44853 3
44893 3
41115 4
31389 4
31957 5
34831 3
15306 3
16379 4
40441 4
16914 5
46538 2
24491 4
25393 1
17504 4
33359 4
24438 4
16425 1
27427 1 2
10984 3
30051 5
20514 2
30443 1
34041 3
27590 5
41474 3
4 15 82
20289 4
20294 4
29912 4
18028 1
10253 1
10779 4
15025 4
19664 1
22309 3
33439 3
26925 1
28564 3
41098 1
13458 4
11474 4
18063 3
38590 3
11605 4
42904 4
12330 1
15957 2
45399 4
34278 1
14039 2
17817 3
30054 4
23191 4
18987 4
21288 2
34137 4
11230 3
38507 1
24686 1
13168 2
17880 2
11900 2
14142 3
46501 4
11091 1
33009 4
41968 1
30410 2
42997 2
33761 1
20943 3
15360 4
37203 2
24671 1
22679 1
35462 4
46168 2
20312 2
36605 1 4
20298 1
43902 1
22062 1
17205 2
48891 3
43228 4
38497 3
31777 3
40811 3
28647 1
43907 3
43318 1
12231 2
15218 3
13278 2
12508 1
24872 4
39163 3
17808 1
34543 4
24293 1
49426 2
45774 2
45450 1
46597 3
37395 3
16752 2
45924 2
33091 3
36383 2
14663 4
46557 1
23469 1
37086 1
32099 2
38122 2
24518 1
10969 2
19380 2
30154 4
14269 3
30669 1
17645 1
46204 2
5 2 70
48734 3
37019 1
19965 5
14125 2
45409 2
30592 4
46003 1
31621 1
22296 2
16391 2
30043 3
31003 3
20309 4
43496 4 5
44418 2
42090 5
13476 2
13077 1
16812 3
27573 4
20166 5
36994 5
41827 2 5
22854 4
43517 5
45161 5
35645 1
34619 3
15413 1
17554 1
35620 3
31150 3
25984 1
26624 1
20675 1
37616 4
20337 5
19557 3
39661 3
17550 4 5
30908 5
22544 2
14185 5
45422 2
32131 2 4
28712 2
16191 2
41217 2
41986 5
10527 5
10396 1 3
37931 3
37724 3
33747 1
46205 1
40984 2
41189 5
12792 2
20188 5
24791 1
32255 1
16502 5
19888 5
25949 3
47779 2
20849 4
10028 3
24427 4
49019 2
32573 3
39982 5
19460 2
1 15 59
26056 1
19371 1
48653 1
16335 1
19035 1
36221 1
37205 1
27051 1
29710 1
25191 1
16088 1
33281 1
31318 1
14383 1
34909 1
26408 1
17298 1
30134 1
41440 1
11744 1
40300 1
20106 1
42248 1
48540 1
32416 1
39028 1
41046 1
39660 1
32999 1
12113 1
29053 1
26545 1
41458 1
25124 1
19911 1
39747 1
37416 1
46870 1
42533 1
48256 1
25059 1
32638 1
32559 1
48858 1
27274 1
40127 1
15710 1
30269 1
15088 1
38263 1
12273 1
25560 1
20972 1
13540 1
27202 1
47558 1
48814 1
11013 1
18462 1
24821 1
21374 1
42214 1
13123 1
40672 1
19416 1
18990 1
11218 1
38777 1
11880 1
13540 1
28088 1
30553 1
36274 1
31537 1
3 13 58
42752 2
28590 2
31270 2
27973 1
10095 1
49366 2
46871 3
25642 3
23814 2
17012 3
32386 3
28112 2
41233 1
35330 3
19745 3
23811 3
19096 2
11667 2
28487 2
14039 3
48293 3
32772 2
19851 3
32650 3
13099 1
43280 1
17367 2
48572 2
12438 2
29956 1
19383 1
16617 3
21236 3
20597 3
16408 1
33213 2
21138 1
31626 3
42405 1
29852 2 3
24048 2
11134 1
30114 3
17437 1
30940 1
35008 3
47546 3
41385 2
41539 2
38094 1
45428 1
35434 3
16097 2
49937 2
32388 1
33894 3
14047 3
26363 3
13373 2
45254 3
28298 1
15125 1
22956 2
19604 1 2
36935 2
14339 3
39441 3
17746 1
19220 2
40898 1
40349 3
5 17 73
16777 1
17185 1
33848 3
22459 5
23566 5
24039 3
23230 3
25111 3
16546 4
12945 3
47317 2
30763 5
49257 3
19571 1
42906 3
24084 4
11723 1
45175 2
26511 1
13007 3
34775 4
46987 2
44889 2
26541 2
41307 2
30052 5
29187 3
36713 1
25755 2
26684 3
20031 4
49757 2
17596 4
21118 1
47263 2
35732 5
48356 1
38510 1
27190 4
11642 2
22445 1
42837 1
25344 5
48859 4
41965 4
28500 3
22940 2
30898 4
11730 5
11849 4
12155 1
49402 2
23051 3
28998 2
34506 1
39381 2
31573 2
36987 1
49505 3
45898 3
25431 2
39529 2
35599 2
17455 5
31527 2
42025 5
34294 3
36318 5
11370 5
21811 2
32197 1
43600 5
49323 2
49766 4
35592 3
31279 5
28866 2
18378 3
36414 2
37283 1
25759 4
27710 3
25097 4
32222 3
44832 2 5
49988 1
45055 1
37360 2
39701 1
41264 1
1 17 66
25015 1
47944 1
31025 1
17126 1
17446 1
36677 1
44810 1
37172 1
43892 1
48037 1
30486 1
25672 1
23850 1
27506 1
32664 1
33907 1
17589 1
27792 1
24486 1
29360 1
14489 1
22841 1
35801 1
36764 1
42618 1
46129 1
10984 1
40626 1
23022 1
13111 1
26113 1
29629 1
20403 1
20254 1
13026 1
17394 1
19132 1
28933 1
42914 1
34485 1
27973 1
25968 1
47255 1
15354 1
36149 1
48108 1
33467 1
23112 1
24304 1
37929 1
35390 1
11261 1
20401 1
15881 1
20544 1
19243 1
10313 1
32951 1
35429 1
26375 1
45089 1
43326 1
35966 1
27720 1
45509 1
15271 1
10691 1
14117 1
17773 1
10079 1
28443 1
35290 1
32133 1
41886 1
26709 1
16158 1
42395 1
49160 1
40108 1
24778 1
49755 1
16322 1
20257 1
5 9 8
18571 1
41754 1 2 5
30865 4
25857 2
10189 1
19047 3 5
19553 2 4
12264 2 3
29481 5
45472 1
40004 2
11626 4 5
25200 1
40928 4
38323 1
22760 2
49259 2
8 10 13
28143 6
46525 7
40850 2
16140 1 2 4
34469 1
49270 6
27147 2 8
32824 1 2 4
43839 7
21771 1 5 6
33494 5
45173 4 7
17522 4
24615 8
29305 2
41327 7
15416 1 3
44477 1
18878 2 5
36964 1 5
40324 4 8
16019 4 6
14803 3 8
3 5 65
38074 1
13291 2
24955 1
25550 3
28992 2
17015 1
28433 3
32374 1
17863 2
42894 1
13675 2
17812 1
35879 1
20997 3
23167 2
23005 3
42355 1
45243 2
48753 3
33737 2
36852 2
15172 1
40108 2
39322 2
14184 2
38471 2
35374 2 3
40057 3
38486 1
36827 3
29843 3
16801 3
36424 2
16608 1
25160 2
48515 3
19497 1 3
45917 1
11805 3
32543 3
17927 2
46635 2
21720 3
40056 2
25184 1
28079 2
41108 1
10793 1
32100 2
27339 3
45080 2
39326 2
26467 2
36028 2
24507 3
18612 3
36650 1
26954 2
22902 3
40999 3
40364 2
18588 2
22217 2
24922 2
16019 1
33013 2
20005 3
37202 3
48550 2
42166 3
3 17 9
33406 2
21847 3
29237 1
20797 3
41540 2
44774 1
35717 1
20708 2
39377 2
21536 2
14056 2
20662 2
36458 2
24358 2
14005 1 2
49407 1
28174 3
33059 3
18429 3
29716 1
48448 3
36035 3
36988 2
35661 2 3
32751 1
10847 2 3
1 4 66
21706 1
32004 1
49275 1
33206 1
19037 1
28254 1
20965 1
32363 1
48420 1
46784 1
18742 1
18047 1
42313 1
20845 1
32014 1
14571 1
26709 1
36918 1
13132 1
21562 1
39185 1
10176 1
25252 1
19341 1
46195 1
42857 1
38007 1
31672 1
44260 1
18803 1
31194 1
11838 1
44580 1
46234 1
35869 1
44525 1
41161 1
48516 1
24476 1
34601 1
26473 1
19500 1
31715 1
10512 1
29954 1
17293 1
32491 1
34561 1
21526 1
28696 1
12739 1
36482 1
45468 1
15687 1
26996 1
40479 1
22186 1
49222 1
17498 1
22499 1
24538 1
36093 1
21515 1
32436 1
20580 1
37953 1
11690 1
41579 1
32345 1
23374 1
7 20 66
48891 5
36672 7
18561 6
45111 3
46331 4
27657 6
45971 4
14169 4
40849 6
18065 6
14168 1
13355 5
12138 7
48897 1
42842 3
19811 2
31594 4
28057 1
19430 1
17563 6
18254 4
39611 7
23142 3
13516 4 5
34244 7
13693 5
46632 2
35361 6
37861 1
39415 4
29941 3
22069 2
33807 3
16849 6
38343 7
31371 6
10212 4
30997 2
48594 4
41729 7
33912 3
24017 4
10984 2
39054 3
20428 1
37850 1 6
31476 7
13538 4
39557 1
25182 1
41585 3
14997 4
21966 1
32776 2
18536 6
24452 2
35077 5
45744 4
20738 7
35158 7
15062 7
32756 4
28622 3
29319 7
32647 6
27295 3
18105 2
31473 2
24528 4
23469 2
28035 3
22211 3 5
38660 3
46156 3
20126 3
21063 1
19107 5
34285 7
30158 2
30995 4
27283 7
15709 7
42998 5
31312 1
44465 3
30655 1
6 4 44
49487 1
33939 3
29672 4
20749 4 5
10319 4 5 6
13004 3
31106 5
34302 6
46657 4
48466 6
13806 1
43878 6
16403 4
23090 1
27644 4
46957 2
40272 2
29904 5
15311 3
49675 3
30776 3
43323 1
27936 2
29041 5
13791 4
47839 3
25122 3
33698 1
18456 5
49686 4
32212 2
16213 6
30771 5
47230 6
42970 1
15393 4
32825 1
37759 2
14128 2 5
42034 6
13457 1
10311 1
44153 1
47227 4
32130 4
14710 6
22470 6
39249 1
7 13 54
43239 2
24064 7
23359 5
30701 4
19730 6
43327 3
13717 1
37991 6
25863 3
11428 6
34323 3
43582 4
34162 3
33216 7
19935 2
17610 6
19390 5
10663 7
11443 6
30968 5
10276 7
36068 2
31176 7
33792 4
11253 2
39627 6
48206 6
42183 2 7
41743 7
23396 6
18616 5
14438 3
43380 7
24993 6
22501 2
19688 4
30409 1
42979 3
37366 4
47419 1
35285 4
19881 1
36000 1
31158 3
38155 3
17071 2
13400 1
15408 2
22803 7
39234 4
23787 6
13362 5
17529 3
10643 3
22054 6
46977 7
49015 1
32341 2
27873 5 7
32316 7
49906 5
40576 5
43675 1
38582 3
24762 1
42395 3
36391 6
5 8 33
25853 3
39393 1
18740 2 3
10896 3
40750 1
28642 2
34710 2
17153 1
34994 2
27008 1
28577 3
18265 2
24734 5
38649 4
45802 3
41805 5
16386 5
19006 2
11957 1
14247 2
26405 2
41299 4
49847 2
45666 4 5
18144 4
28343 2
26178 1
12328 3
35820 3
24041 1
45681 2
32992 1
31363 5
47431 4
30043 2
15775 4
27022 2
18268 1
26773 4
36577 5
48391 5
5 20 20
27501 4
41053 2
49559 1 3
28749 1
21377 3
21023 4
40600 2
33148 4
33202 1
30136 4
24012 3
42838 2 5
42276 4
28883 3
26766 2
31750 1
17900 3
23008 2
21281 5
49848 4
30239 2
18870 1 2
34667 2 5
30971 3
41636 1
23735 2
37578 5
10308 3
44281 3
23709 4
37049 2
10822 1
14690 2
32879 4
38228 3
32226 1
40859 5
33629 4
22912 4
38335 4
3 2 86
16564 3
40632 2
23603 2
27917 1
18098 1
27619 1
46433 2
47227 2
23599 2
17063 2
32487 2
30953 3
17277 2
40056 3
47306 3
36215 3
30923 2
36739 1
38817 1
15642 2
40300 2
29729 3
39370 2
44710 1
25844 3
38771 1
12316 2
47738 2
37303 3
47735 1
11703 2
45555 2
29076 1
30152 2
23151 3
26609 2
40149 3
14459 3
15322 3
30278 2
38417 2
33599 2
18694 2
48021 3
33085 3
33461 2
42003 1
40305 3
48119 1
33031 2
24986 1
24657 3
20735 3
41829 2
32274 2
47790 3
16929 3
16364 3
39697 3
23713 2
30107 3
11045 2
41807 3
15923 1
42159 3
12686 3
48821 1
42920 3
38451 1
18706 3
14680 2
26868 1
26991 2
18010 1
46756 2
20102 2
28116 2
23825 1
24694 1
32668 3
19289 3
23620 1
24326 1
17377 2
30518 1
30887 3
11120 2
20044 3
4 19 69
11703 2
32532 2
41657 4
21797 1
17567 3
26969 4
28061 3
39713 4
47069 1
37517 1
43850 1
42654 2
19852 3
24563 3
29582 1
31146 1
24365 2
42888 3
26605 3
42974 1
27163 3
18578 4
23015 3
21051 4
13745 4
41511 4
15608 1
26504 4
45085 1
23524 1
47245 1
14850 3
30702 2
44738 4
43644 3
46116 3
28882 2
48873 2
20768 3
24813 2
40285 4
12550 2
23060 3
11636 3
37495 2 3 4
36761 2
36363 2
40050 1
32582 2
48846 3
35137 1 4
35917 1
49585 2
19261 1
38471 1
15419 4
26517 3
46217 4
15893 1
13853 1
11697 4
20428 1
40448 4
44593 3
10676 2
31535 4
36014 1
45258 4
37093 2
32664 4
27449 1
11717 3
48023 3
49765 3
12116 3
49981 2
23339 2
47585 4
46592 1
43959 1
45489 3
34342 1
48968 1
44421 3
28347 3
33745 4
24577 2
38093 1
5 3 47
37631 1
29019 4
22885 3
32448 4
35477 4
27342 3
27379 4
35561 1
23868 1
27741 2
10863 3
22406 4
14598 5
20775 3
38965 1
13327 4
47131 4
12370 5
49962 2
10801 2 3
14126 4
16239 4
28274 3
24243 4
39575 2
15720 4 5
42770 5
44809 4
21010 5
30078 1
47893 1 2
38599 3
37363 3
27593 1
43329 3
21373 1
41646 2
17137 4
31692 3
18905 4
24913 5
26334 3
16837 3
47754 5
18798 1
49331 3
14384 5
41596 4
37218 2
47038 1
1 6 63
42840 1
24106 1
22016 1
42082 1
39996 1
34472 1
25474 1
33199 1
40275 1
43940 1
30858 1
30371 1
36662 1
21469 1
12786 1
28988 1
42037 1
10513 1
47089 1
40776 1
38930 1
41031 1
11998 1
22977 1
29962 1
19010 1
34212 1
16091 1
13356 1
13950 1
10172 1
33566 1
41206 1
12807 1
49666 1
33929 1
39810 1
42832 1
47085 1
10616 1
19688 1
32201 1
12066 1
40439 1
10690 1
44729 1
24190 1
18786 1
45292 1
11677 1
42512 1
31577 1
10366 1
25040 1
16760 1
48099 1
47796 1
47925 1
42880 1
26736 1
17011 1
34905 1
49259 1
40104 1
24117 1
15770 1
22730 1
45450 1
16719 1
2 12 84
12349 2
38381 2
45913 2
26505 1
43690 1
29726 2
26868 1
12239 2
33111 2
15030 2
22164 2
40778 2
22878 2
48468 2
26013 1
31644 2
20351 1
11790 2
24731 2
38829 1
45308 1
20587 2
49974 1
28277 2
25789 1
24982 1
23698 2
11250 1
27655 1
25066 2
21268 2
49143 1
13429 1
10390 1
11848 2
49500 2
24376 2
15863 2
17611 1
41081 1
10046 1
47721 1
30751 2
28914 2
37222 1
25233 1
37014 2
16868 2
10748 1
48940 2
36762 1
37794 1
48999 1
15363 1
17974 1
45701 1
35851 2
41154 1
23426 1
22803 1
14277 1
32676 2
32867 1
36852 2
36783 1
39804 2
46545 1
46165 2
40204 2
18061 1
14604 2
30492 1
47464 1
21566 2
10159 1
39946 2
21242 1
26325 2
14815 1
19991 2
22533 2
49762 1
30880 2
11914 1
17261 2
44542 1
43162 1
33708 1
21838 1
29290 2
32804 1
44124 2
40151 2
35818 2
33313 2
34489 2
1 6 36
23412 1
39333 1
45921 1
12903 1
38309 1
19634 1
20226 1
41591 1
19099 1
16381 1
27263 1
49500 1
17745 1
18141 1
43295 1
37099 1
32655 1
35734 1
17798 1
44741 1
23883 1
17316 1
11706 1
27222 1
32474 1
27213 1
32768 1
21238 1
32218 1
19451 1
30555 1
46978 1
15399 1
48800 1
44662 1
20280 1
11712 1
33872 1
46843 1
22338 1
12896 1
28945 1
2 13 99
41167 1
31199 2
23518 2
34291 2
38615 1
28038 1
28193 2
47544 1
36897 1
45253 1
36547 1
19042 2
23414 1
47288 1
43143 2
19094 1
26128 2
31214 1
45729 1
32512 1
37703 2
35483 2
15172 1
31604 1
43864 2
27324 2
33930 2
26266 2
24042 1
35149 2
21636 1
15049 1
12417 2
11992 2
47624 1
11921 1
28945 1
12754 2
43315 1
12581 2
42134 1
39201 1
20158 1
40373 2
29932 1
28222 1
26677 1
18916 2
31754 1
42914 2
15195 1
11974 2
48030 1
14018 2
22585 1
10897 2
24497 2
22202 2
27887 1
24653 2
31579 1
34922 1
15742 1
43621 2
49428 2
14626 2
32896 2
49504 2
35460 1
33057 1
19761 1
37524 2
20413 1
44955 2
34326 1
14500 1
33786 1
46155 2
43495 1
11353 1
25863 2
17764 1
41559 1
11190 2
32347 1
41166 1
43651 2
27302 1
43495 1
21282 1
38921 1
39096 2
46209 1
25655 1
18314 1
11523 2
38442 1
15230 2
21131 2
36928 2
31227 1
31517 2
22930 1
46869 1
10086 1
48773 1
30415 1
30257 1
13120 1
45283 2
40571 1
28862 1
2 13 64
14181 1
37497 2
38197 2
12859 2
37078 2
19573 1
22965 2
32330 2
29713 2
27864 1
26874 1
48891 1
28649 1
44231 1
14120 2
19011 1
45863 2
26874 2
20264 2
14166 2
37404 2
29896 2
30849 2
34974 1
35535 2
42461 1
33552 1
31747 1
14664 2
26311 2
41342 2
17834 1
38959 1
27610 1
44553 1
24827 2
14704 1
21834 1
20798 2
35602 2
40285 1
16242 2
36280 2
16341 1
42713 1
15052 1
28725 2
12591 1
31882 2
25081 1
41089 1
25944 1
16270 2
24104 2
14600 2
40242 1
23735 1
18714 2
20170 2
10525 1
24278 2
21460 1
29620 2
14892 2
28837 1
33954 2
33420 2
24708 2
35195 1
16959 1
37708 2
13712 2
23080 2
37373 2
16924 1
33815 2
39003 2
3 7 73
42406 3
22220 3
31423 3
24178 3
16832 1
23472 2
24253 2
40662 2
22525 3
46152 3
32078 3
21108 2
33475 1
22497 1
36221 1
46672 2
29519 1
18340 1
30294 3
24809 2
43781 2
33402 1
47038 2
26231 3
39877 1
26170 3
44025 2
45773 3
42898 1
23987 2
12132 3
41512 3
29782 3
15710 3
27018 2
35535 1
36702 2
13904 1
36147 1
40381 3
39421 3
13134 3
14893 3
24172 3
18489 3
20807 2
42392 2
43339 2
38936 2
41405 2
13794 3
45442 3
13701 3
12160 2
13566 3
26746 2
22099 1
15609 3
13258 2
25279 3
48603 2
45121 2
47422 1
14751 3
13314 2
40892 3
28661 1
27784 1
23102 3
36281 1
38724 3
12691 2
39645 3
21018 3
28477 2
43370 1
25518 2
47732 2
10522 2
11058 3
6 6 46
44415 2
32294 1
38149 3
22755 5
33531 1 5
32180 3
41835 6
47475 4 6
27493 2 6
37762 3
40049 6
19997 5
14047 4
24327 1
27491 3
11499 2 4
20726 1
44718 4
20712 6
41871 4
15611 2 6
20552 1
34674 3
25275 4
37590 6
23183 1
35763 3
19746 2
12710 2
41967 6
46548 1 2 3 6
49977 2
36650 2
10439 6
48674 3 4
29719 1
21581 3
46395 4
34911 3
40250 3
24694 2 3
17296 4
36585 2
24232 4
38846 3
38589 4
46302 5
26163 6
29818 4
15851 4
43136 2
43898 6
1 16 24
30856 1
27522 1
21992 1
28840 1
30694 1
16539 1
26090 1
35750 1
23193 1
16494 1
15136 1
13618 1
41004 1
19672 1
31325 1
13146 1
28850 1
40936 1
41193 1
36325 1
34841 1
33611 1
35120 1
44620 1
11542 1
46771 1
35330 1
16903 1
20322 1
29757 1
15898 1
27096 1
36180 1
29691 1
20207 1
12067 1
21637 1
36281 1
33239 1
40393 1
7 15 14
36070 1 2
14067 6
10732 7
39753 6
28917 3
16367 6
26698 6
21371 7
17817 6
44466 3 5
29505 7
17624 6
49869 7
28920 4
30511 5 7
14685 2 4
17009 3
49231 1 5 7
44940 5
40446 5
11625 3
47718 4
24175 6
32522 1
42798 2 7
26718 5
15838 3
13309 1
34896 1
8 14 54
12018 1
26243 1 5
22174 4 5
29215 4
18300 4
48768 4 6
30239 7
41173 4
34434 4
13423 8
14175 5
39234 1 3
13356 4
17275 6
23695 5
13246 3
35563 6
46322 1
48611 3
17729 8
36593 6
24666 2
36142 2 8
43633 3
39640 3
16123 6
45749 3
44759 5
43701 3
26990 1
12640 6
49872 6
44713 8
32255 4
31318 2 5
24370 1
17252 5
24463 7
28316 1
47955 1
44839 5 6
40670 3
13570 4
18784 8
27657 8
21770 6 7
20461 7
16688 6
36848 3
46231 7
35886 4
34276 3
47252 1
22493 2
26227 7
11168 4
42342 7
27087 3
33156 1
42901 3 4
42940 1
16603 1
11753 3 4
30366 5
38560 7
46327 7
32198 2
18913 8
6 19 73
35532 1
17100 6
47689 4 5
47633 6
37742 1
27172 6
28399 3
39460 4
26141 3
12265 3
22409 5
42726 1
17963 1
48160 5
46736 4
16315 2
10588 3
24259 2
44729 5
45589 3
44568 2
38807 1
39227 2
37993 2
33509 6
18191 1
49340 3
41570 5
41598 2
47442 4
10162 3
42033 2
45721 3
22286 5
15521 6
12993 6
39124 3
42861 2
12383 1
23103 6
11137 1
23264 1
21298 4 5
46815 4
10541 2
22037 2
48086 4 5
32002 4
49966 5
35836 6
22271 2
33556 6
35011 6
40694 3
49820 5
24758 2
42922 1
48578 6
12586 1
37362 6
39053 4
12062 2
48183 5
23839 5
31452 2
13831 6
22400 3
13655 4
14684 2
13606 5
12319 6
28825 6
12545 3
17939 2
29359 3
32909 2
14446 4
43862 5
44860 1
42704 5
38741 3
11335 4
39232 3
28261 2
16175 2
48870 1
23664 1
11728 1
40484 4
34945 5
13871 1
40365 5
1 9 71
20444 1
36871 1
12113 1
46559 1
37470 1
38378 1
47039 1
40770 1
44040 1
41013 1
40153 1
26240 1
48899 1
25909 1
23961 1
11605 1
12629 1
10147 1
44685 1
17825 1
38778 1
30193 1
33186 1
16493 1
19899 1
40128 1
32651 1
41255 1
16959 1
42008 1
25218 1
23211 1
11763 1
31821 1
36993 1
21196 1
39086 1
30033 1
19842 1
20917 1
41610 1
13145 1
13903 1
19872 1
40858 1
48045 1
16549 1
30289 1
33617 1
31681 1
30743 1
39689 1
29413 1
36854 1
25925 1
37327 1
22033 1
17841 1
49041 1
43100 1
43242 1
47539 1
30573 1
17970 1
36434 1
16536 1
36597 1
38639 1
19743 1
31187 1
16592 1
19205 1
49819 1
16889 1
36399 1
22675 1
15699 1
33416 1
46233 1
14153 1
5 12 58
38755 2
24581 5
45340 2
35681 4
10002 2
35146 1
28736 5
29961 1
31536 3
21205 2
34223 3
17564 1
41086 4
29490 3
21956 4
16673 1
13949 4
33932 4
41667 5
15290 5
36893 1
13320 4
16926 5
37874 5
41557 4
31586 5
39634 4
41369 5
47490 5
19085 3
47995 2
17319 5
22630 2
17967 2
13057 1
32809 2
14654 3
43421 4
24853 4
37520 1
16407 2
22384 5
32036 4
42278 1
30218 5
32699 5
12684 1
48411 1
35768 5
22943 5
48910 3
48683 2
21212 2
11799 3
45171 3
28897 1
10920 5
11614 4
33602 5
21955 1
40597 3 5
35347 3
13076 3
45134 2
11819 1
44795 2
17300 2
28223 3
31539 1
44045 1
1 9 49
40985 1
30333 1
23517 1
47888 1
15263 1
49949 1
48320 1
14182 1
23217 1
34203 1
24995 1
33150 1
40612 1
24571 1
49819 1
15865 1
40665 1
45936 1
27500 1
25114 1
16577 1
14800 1
41418 1
20653 1
38979 1
40082 1
48413 1
15465 1
43746 1
33480 1
31167 1
33744 1
29359 1
44535 1
16521 1
20760 1
10002 1
45951 1
48672 1
18649 1
24196 1
22727 1
47881 1
40743 1
13146 1
41209 1
11461 1
32413 1
40082 1
21061 1
19530 1
44362 1
28498 1
21064 1
10087 1
11850 1
17027 1
48714 1
2 16 60
29082 1
38924 1
39310 2
34911 1
45023 2
33567 2
49767 1
37381 2
34427 1
23046 2
44209 2
27634 1
35418 1
42758 2
26466 2
20841 1
47079 2
42675 2
33296 1
37650 2
36321 2
19434 2
16192 2
21570 2
32245 1
17092 1
18041 1
47251 1
27391 1
24852 2
33230 1
14776 2
28240 2
31464 1
18510 1
45415 2
46183 2
11812 2
32101 1
30273 1
49163 1
12868 2
43890 2
38819 2
43717 2
39381 2
46803 1
11903 1
21984 1
19414 1
17159 2
12177 2
43083 1
42770 2
19278 2
46348 1
27300 2
39294 1
47630 1
16790 1
12036 1
46900 1
26593 1
44737 1
49868 1
26757 1
38460 1
26335 1
34765 2
29317 1
23980 2
15991 2
19240 2
14363 2
44193 1
16342 1
1 20 31
30234 1
18679 1
30593 1
20173 1
46923 1
20324 1
31726 1
19810 1
27834 1
39343 1
13591 1
29727 1
28486 1
33799 1
21987 1
29021 1
48425 1
11871 1
28027 1
32115 1
21667 1
24303 1
37920 1
38302 1
45735 1
24665 1
15026 1
28627 1
49774 1
44675 1
48225 1
23107 1
19345 1
23393 1
43213 1
15277 1
22571 1
45315 1
26805 1
40046 1
37403 1
19673 1
48684 1
10236 1
36581 1
41907 1
27694 1
14833 1
40476 1
28868 1
19576 1
4 17 24
40996 4
13811 3
30520 1
13544 1
17424 4
39334 1
13369 4
39164 1
35955 2
39978 1
34762 3
18356 2
27411 4
25766 4
45696 1
27126 3
36602 4
46507 4
28016 4
20675 2
30898 3
40068 2 4
44785 4
49320 3
44130 2
14528 2
46807 3
27694 1
38830 1
19088 2
36127 4
20377 2
17373 3 4
27959 1
14225 2
20065 2
16621 4
31237 3
29188 2
19516 3
28276 3
7 19 75
18622 3
13208 5
42614 3 7
12022 3
32144 5
47473 2
30176 1
17583 3
36533 3
42677 3
32413 2
36731 7
48952 5
47204 3
36442 1 4 7
25236 2
17270 3
34916 7
15129 1
27928 5
40587 1
10696 7
34189 7
39275 6
10143 1
48100 1
47172 4
47086 2 6
35884 2
27242 6
35075 7
31338 6
36330 4
13530 6
22995 3
24198 3
48438 7
44637 4
11197 4
13349 1
22995 6
18429 1
19941 2
35150 6
13504 2
14114 7
34557 3
37126 6
12336 5
48356 6
37760 4 7
42509 1
40571 7
47109 5
27532 3
45568 2
32310 1
22972 1
23352 5
20645 4
21422 5
17338 1
31987 2
32299 3
33613 4
23113 4
48715 3
35846 2
31696 1
46161 4
40562 7
31453 5
20818 3
31119 5 7
27952 2
17319 7
30366 7
40419 7
26201 7
42651 6
37191 1
40320 4
38384 5
21237 5
30341 6
41592 1
15208 6
41339 3
36537 4 5
27279 3
15695 6
36563 7
23790 4
46115 1
6 15 55
31254 2
13173 6
13336 5
44206 3
43911 2
38684 5
42737 4
44547 3
12099 1
15852 5
11170 4
49326 1
12432 4
37541 5
41383 2
32897 4
21341 5
15866 2
43353 1
27940 2
10651 4
46953 3
15941 6
31365 2
38365 3
31723 2
27647 2
19846 4
28801 5
34220 5
46088 3
38941 1
22184 4
44217 2
49736 3
19034 2
11440 1
34103 4
47711 5
49934 2
43834 3
27462 6
11291 2
39940 1
44594 1
47070 6
32628 2
26028 6
48181 3
19755 6
18462 2
45301 4
21041 4
44317 2
15591 6
10895 6
47329 5
16818 5
42302 2
21784 6
22230 3
34366 4
29332 6
17938 2
10875 1
35114 2
21195 1
16204 5
37506 6
18776 4
1 13 81
44486 1
32688 1
27765 1
40049 1
28872 1
47919 1
25656 1
15237 1
21106 1
19599 1
40956 1
15267 1
49599 1
48241 1
33749 1
26827 1
31633 1
19123 1
45568 1
16281 1
17915 1
22631 1
23886 1
40408 1
28404 1
38463 1
30317 1
38501 1
48034 1
31527 1
39134 1
36773 1
48808 1
37831 1
26590 1
26490 1
48808 1
28755 1
45182 1
48654 1
48408 1
46072 1
14781 1
42356 1
47222 1
11895 1
42166 1
46016 1
19975 1
29806 1
15171 1
16521 1
30489 1
15892 1
16283 1
28986 1
35560 1
48539 1
34691 1
45713 1
25984 1
24234 1
12767 1
15830 1
42270 1
45337 1
43730 1
15663 1
40425 1
41358 1
31579 1
12860 1
18382 1
27645 1
24180 1
34048 1
46592 1
19036 1
33993 1
48308 1
17403 1
30838 1
43015 1
23818 1
12973 1
13359 1
29087 1
24836 1
39368 1
27714 1
43274 1
36956 1
48670 1
31605 1
8 1 75
14362 6
11949 7
47190 6
43499 1
47272 8
45960 7
19696 3
31663 1 6
16217 5
26107 2
33501 4
33975 2
30925 5
45788 7
44904 6
26707 3
41218 1
34592 2
10005 1
38909 7
42373 5
49000 6
18673 8
16634 3
29300 3
48257 3
48384 2 7
49325 1
21508 5
35143 6
35006 1
17700 1
23325 4
14794 7
41071 4
31978 8
39787 5
18388 6
46219 2
24897 4
41059 8
37364 1
27116 2 5
38382 7
47760 1
17057 3
19762 2 5
26035 7
30322 2
43761 1
29593 7
16270 6 7
39893 4 7
18936 2 5
25606 5 6
46825 7
23066 4
17600 8
37411 5
38480 4
24753 8
20436 8
20317 5
39372 7
26484 4
22526 3
24679 8
28640 5
24082 6 8
32685 1
24896 2
19005 8
38618 7
16121 2
14279 3
19570 6
3 16 31
38235 1
15952 2
45652 3
43249 2 3
31141 3
23603 3
37246 1
27297 2
49461 1
25897 1
12095 1
26475 3
30546 3
17100 1
44536 1
10565 1
18937 3
37021 1
33379 2
23696 3
21024 2
37122 1
14231 2
49165 1
15990 3
48370 3
28152 3
44992 3
48123 2
36115 3
10786 2
22600 3
47507 1
32177 1
10939 1
33792 2
21004 3
33234 2
35351 3
22753 1
47809 1
37669 2
19566 2
40878 3
36184 1
17215 1
29768 1 3
1 8 81
19860 1
47155 1
29663 1
38130 1
36816 1
15863 1
42008 1
20767 1
39973 1
38853 1
30045 1
31839 1
48377 1
30799 1
17020 1
14855 1
31928 1
39771 1
39105 1
14869 1
13858 1
26375 1
35063 1
26385 1
46885 1
38565 1
15338 1
37453 1
45330 1
16908 1
25452 1
20733 1
47630 1
16657 1
29675 1
20928 1
30894 1
43322 1
11125 1
24849 1
42114 1
22993 1
17384 1
31015 1
21719 1
11856 1
27114 1
36077 1
44171 1
36952 1
17085 1
37099 1
36201 1
47740 1
22161 1
29538 1
26514 1
39559 1
44837 1
16186 1
35526 1
23372 1
44747 1
11109 1
18366 1
18874 1
40257 1
32763 1
29595 1
42549 1
17684 1
44973 1
13907 1
40197 1
16305 1
24093 1
47369 1
40588 1
16491 1
33048 1
27056 1
26448 1
47111 1
17839 1
18891 1
11947 1
27803 1
37325 1
24617 1
1 17 93
25606 1
34749 1
16112 1
40944 1
39140 1
41771 1
39628 1
13187 1
49596 1
34187 1
32464 1
17821 1
39615 1
27349 1
28000 1
40670 1
47548 1
40152 1
19697 1
23557 1
49245 1
42661 1
12028 1
13553 1
47346 1
18205 1
45816 1
32237 1
22280 1
28187 1
20145 1
49302 1
46464 1
31850 1
35234 1
41591 1
11694 1
10812 1
18911 1
29449 1
38445 1
41656 1
11107 1
15199 1
45318 1
41715 1
42920 1
37536 1
47967 1
26438 1
33942 1
40195 1
36565 1
25691 1
37963 1
17646 1
34002 1
40001 1
35506 1
13531 1
28030 1
29726 1
37745 1
40994 1
35742 1
49298 1
43477 1
24288 1
42283 1
39160 1
42448 1
12564 1
32828 1
32576 1
48370 1
41641 1
11713 1
16623 1
22408 1
29182 1
44194 1
25675 1
27567 1
10799 1
41468 1
23622 1
47268 1
28138 1
34841 1
44401 1
20393 1
14667 1
32120 1
25321 1
29248 1
25160 1
48279 1
10430 1
23642 1
30675 1
22002 1
40479 1
18928 1
24715 1
37385 1
48303 1
37572 1
49520 1
45329 1
14757 1
1 1 23
26822 1
15584 1
37526 1
19908 1
39887 1
16558 1
19688 1
33876 1
45094 1
47400 1
43792 1
36976 1
41933 1
38062 1
26388 1
42271 1
13975 1
35619 1
13162 1
19560 1
14052 1
33655 1
32608 1
31958 1
2 12 56
12407 1
26307 1
32682 1
31067 1
39464 2
39343 1
10509 1
42941 2
44445 2
15781 1
24418 1
32013 1
38528 2
11484 1
15676 1
35370 2
39313 2
13143 1
16124 1
25836 1
47885 2
16982 2
40215 2
44193 1
30541 1
21508 2
43008 1
39023 1
23749 1
35570 2
44055 1
20560 1
27550 1
46903 2
26036 2
32347 2
12973 1
41177 1
20997 1
38096 2
22396 2
37026 1
28140 1
46979 2
20558 2
31144 1
33709 1
48988 1
21046 2
40710 1
14056 2
35736 1
24208 1
11457 1
27155 1
31956 1
13197 1
31080 1
48060 2
17537 2
30859 2
21894 2
25267 1
30155 2
15485 2
23383 1
15204 1
40649 2
4 16 37
34202 1
22114 3
22385 2
32530 3
36969 2
12567 2
18192 3
27050 4
25500 4
28637 2
36261 1
24272 3
44979 4
14959 4
36902 1
43096 3
45469 4
37002 3
37626 3
25596 3
14807 2
40316 3
37266 3
47565 4
36634 2
37641 3
36486 3
25997 2
44039 1
10637 1
42591 4
43582 2
46149 2
17608 3
19303 4
33595 3
18531 2
33254 4
24543 3
21747 1
23899 3
17457 3 4
13483 3
41535 4
40270 4
40439 1
42714 2
19936 2
49202 1
35232 2
15442 3
46357 3
34777 1
8 3 100
22909 4
33353 8
34527 1
18977 5
36301 7
38550 5
10248 3
26662 5
44575 5
44401 1
21155 8
27299 3
47394 4
23589 8
43072 6
30343 2
30689 5
35032 7
30333 5
10435 5
17767 4
20902 6
26366 2
21352 3
26743 1
39707 4
27747 1
20281 3
45542 3
23450 6
20050 7
33098 3
41258 6
45661 4
20806 8
39522 7
26945 6
13652 3 8
20691 5
36479 7
42202 1
23746 4
48675 2
10676 4
43934 1
48132 1
13671 6
20137 2
32984 6
20492 6
31196 2
26510 2
36908 1
40866 1
31397 8
35760 7
16957 2
31822 6
38108 8
43403 3
36505 1
18720 7
17040 5
31846 3
40256 1
28970 7
43928 5
40506 1
36186 1
47515 4
31744 2
34974 6
24333 6 7
44879 1
41342 8
13230 8
47619 2
11626 8
36760 5
39459 3
12836 1
45428 2
48189 1
30075 5
21216 3
36763 2
42943 2
27361 5
48186 3
10554 7
41320 2
42214 4
17123 3
28669 2
25705 7
39849 5
10765 3
35167 7
32394 1
28648 7
39937 4
17812 4
33423 6
6 8 64
11966 4
26226 6
41129 4
29716 3
36205 6
37775 1
30384 1
40766 2
40764 2
16319 6
30860 6
11308 3
13458 4
44634 1
47998 5
43219 5
43200 3
16731 6
10335 4
43660 1
27102 5
37973 5
49915 2 5
11938 5
19766 6
10111 5
18188 1
48780 4
22501 5
18265 1
18108 4
18278 3
13388 4
28981 2
44325 4
37891 4
41607 2
10189 6
49400 4 5
40981 3
11662 5
14399 5 6
19274 5
35216 1
10070 5
25556 4
20899 6
41787 1
35620 1
14441 2
24197 3
33259 3
17697 2
27099 3 4 6
21275 5
48275 1
31675 4
13311 3
15018 6
34586 4
17042 5
27243 6
45172 5
35928 3 4
38096 5
38583 3
16531 5
42753 1
26523 3
24738 2
34305 6
34204 6
4 14 62
48965 2
42888 2
14972 1 3
42425 3
11283 4
37174 2
45893 1
37980 3
37249 3
37756 2
32816 2
40720 2
12244 4
38391 2
13296 1
11169 4
11878 1
31597 4
49925 2
34362 1
42917 1
47265 2
27349 1
46980 2
32065 4
16611 4
35608 2
42015 1
42402 3
21817 2
16522 2
46845 1
14420 4
11987 4
24650 1
32561 1
31754 3
21301 4
38477 1
18369 2
47362 1
27557 4
23414 4
37474 4
21819 3
29631 4
22959 3
19328 4
41575 1
39182 4
47763 1
24793 4
46720 4
11910 4
31079 2
22900 4
34701 3
46364 1
14648 1
27045 3
11435 3
10152 2
19201 2
24058 3
35184 2
21321 1
45151 4
39878 1
35041 3
15386 3
18822 4
39938 1
38659 1
29700 3
20394 1
10207 3
6 10 30
47406 6
19066 2
15516 6
44984 1
18408 5
48650 2
39822 1 2
19149 6
36799 6
47963 6
36025 4
20487 1 5
44738 5
42980 3
36977 2 5
30842 1
41004 2
29291 4
32204 6
45278 3
28325 4
33541 6
14105 4
42053 1
34232 5
31544 4
28413 3 6
27198 6
25681 2
43021 6
10377 3
35244 4
20645 5
25367 1 2
40732 1
32899 5
12984 5
27842 2
28143 6
40286 1
4 2 10
39260 2 3
18581 2 4
13622 3
45676 3 4
13536 2 4
48467 1 3
27396 1 3
26134 2 3
25241 1 3 4
40011 4
17129 2
29399 2 3
6 2 69
12935 1 4
23387 1
41639 2
11438 6
11218 6
45753 3
25492 4
24819 2
34660 1
27039 4
15647 5
41703 6
41562 2
48657 2
22555 5
35264 5
39467 1
15551 3
27233 1
13817 6
17050 1
27935 5
40980 1
29958 2
11367 1
34898 6
35360 2
31264 6
48062 3
28980 5
14035 4 5
21436 1
43496 4
41271 4
35315 3
43676 6
16790 3
26194 3 4
19186 4
48226 6
17509 5
38985 4
34033 4
46179 6
23743 1
25750 4
46780 5
36720 2
12087 3
16527 2
44871 2
15419 6
30409 3
38119 6
29469 6
32241 6
21020 4
18060 1
47711 6
41430 3
44647 4
49486 6
37487 2
44317 5
29811 1
12116 2
44893 2
19286 5
48152 3
49096 4
22429 1
5 7 92
11061 3
28900 3
42820 3
39620 4
41747 5
27847 4
13353 1
19804 5
27908 3
26036 3
18650 4
21541 3
14283 5
49352 3
35337 1
22671 1
49598 4
20901 2
37471 3
43653 4
29453 2
31589 2
31784 5
41786 5
38643 4
27902 1
26513 5
24581 4
12755 3
46959 2
39808 2
39703 1
21739 1
31296 5
41502 4
36724 2
35504 3
12221 2
47800 4 5
27666 3
29780 3
45878 4
33358 5
28072 4
37493 2
14362 3
49734 5
32396 1
47441 2
37101 5
20651 5
14687 4
44412 3
44309 5
40032 4
41847 2
13400 4
15268 3
34332 1
18906 3
20878 2
19333 2
38462 1
26844 2
23955 1
11303 4
49132 4
43410 3
37662 3
39072 1
22030 5
33917 2
42006 5
38061 1 5
27793 1
18765 4
18354 5
27664 4
24732 5
13476 2
14345 1
39385 3
49191 2
16531 4
29112 3
11423 2
21153 5
33047 1
34354 2
24971 5
45793 2
12115 4
49031 2
33121 5
40134 4
26859 1
28334 1
21143 1
15685 2
1 2 72
48000 1
14804 1
20586 1
39826 1
14621 1
20629 1
13278 1
44300 1
27653 1
17330 1
22853 1
18928 1
41986 1
15511 1
39470 1
37246 1
35850 1
25762 1
31825 1
49383 1
11412 1
20025 1
46491 1
38397 1
11560 1
28866 1
21028 1
34619 1
43215 1
24473 1
40318 1
14901 1
49959 1
20598 1
12206 1
32834 1
48353 1
38890 1
41771 1
10715 1
15298 1
49841 1
47754 1
32462 1
24819 1
34267 1
16776 1
36821 1
39400 1
14839 1
31242 1
37568 1
15753 1
44333 1
48187 1
19886 1
36230 1
48016 1
32406 1
48552 1
18051 1
38753 1
34994 1
47431 1
14456 1
35542 1
12138 1
21146 1
49925 1
14190 1
46876 1
27416 1
49469 1
17026 1
1 9 43
28896 1
34966 1
25210 1
39305 1
10440 1
29488 1
25446 1
38997 1
44201 1
26417 1
21189 1
31480 1
30075 1
10055 1
10515 1
17977 1
43061 1
28208 1
37565 1
32255 1
41915 1
23548 1
32408 1
27464 1
21889 1
41108 1
19596 1
19741 1
37590 1
11957 1
40059 1
38274 1
31455 1
13898 1
13331 1
39511 1
26267 1
14838 1
37592 1
16989 1
20640 1
19430 1
29805 1
10150 1
30162 1
42096 1
19850 1
13767 1
33370 1
32492 1
26268 1
38873 1
7 15 45
32661 2 6
14537 1
20124 7
12972 6
33912 5
11424 4
20693 5
25917 6
47461 1
10372 5
46705 3
47003 7
10356 7
32995 3 6
46006 5
31844 7
19884 2
42212 2
43613 3
39160 6
17367 5
43376 5 7
35849 4
49186 4
19308 6
30557 1
16811 1
30971 5
27367 7
40669 3
40435 4
47458 5
32937 6
27421 5
10780 3
17381 3
25083 1 5 6
48544 7
43643 7
45952 3
34417 4 7
27595 7
28399 6
23456 6
46289 2
34923 3
14635 7
24465 4
27748 2
11168 7
13386 2
39661 2
45576 5
12377 5
39797 1
11257 3
27301 6
40779 2
40819 5
33841 6
1 17 16
37441 1
17310 1
30034 1
12530 1
36114 1
13188 1
11511 1
43991 1
15518 1
24279 1
38630 1
45096 1
17017 1
48627 1
43149 1
23962 1
14140 1
37734 1
13072 1
29129 1
11565 1
13052 1
26978 1
23121 1
17096 1
25308 1
34098 1
33349 1
49081 1
20130 1
47722 1
25718 1
30831 1
1 11 28
35627 1
35079 1
32486 1
21981 1
45089 1
44760 1
41057 1
35496 1
44929 1
38801 1
49497 1
13964 1
31866 1
24667 1
24480 1
34105 1
37096 1
42843 1
26797 1
31259 1
49382 1
47694 1
46031 1
12866 1
30530 1
28278 1
45113 1
26778 1
23201 1
25100 1
24098 1
20168 1
15537 1
45807 1
32679 1
42955 1
19126 1
33407 1
34252 1
5 16 59
18064 1 4
42227 2
41490 2
28578 3
28186 1
34960 1
48415 1
35045 3
34133 4
28294 5
39890 1
20350 4
23555 1
48819 2
29723 3
24526 1
26442 5
41339 2
44112 5
27459 2
17421 2
45017 1
21354 5
37101 3
23360 5
37631 1
13508 4
21795 4
11548 3
15266 1
19068 5
20158 1
41389 2
39254 1
19391 1
36896 2
14117 4
42972 3
14257 2
33890 2 4
19291 5
41290 1
49087 3
12036 3
46095 2
22150 3
37764 2
11877 2
40692 5
38483 2
18633 3
32031 3
48181 1
17357 4
46923 4
20330 4
18205 2
21516 4
39909 1
22511 2
24127 4
22588 4
17993 3
16950 4
37962 1
44197 3
39703 2
41380 3
45847 2
35464 3
16931 5
16161 1
21595 5
22535 4
35787 2
3 12 6
34217 2
32604 2
27327 3
48147 3
39813 1
41814 1
36282 3
45400 2
47138 2
24022 1
34604 2
13645 1
12429 1 2
31294 1
16348 3
21064 1 2 3
10196 1
28085 2
7 12 72
31431 1
40826 2
25682 6
48506 5
41960 1
37508 7
28194 4
43846 7
31544 7
18831 7
43757 3
34499 4
41649 5
20897 3
22970 6
27677 4
39242 1
20626 4
38698 3
29724 1
30807 1
15289 5
26907 3
20062 6
47402 7
15165 1
38049 4
25102 3
14170 2 5
37518 4
49145 7
19246 4 5
42973 6 7
10498 1
15503 2
14898 4
35851 6
27529 6
27658 6
27881 6
30793 4
12552 2
17648 5
47132 6
43859 7
25401 3
45501 1
21456 6
24476 5
16406 5
38155 7
36842 6
35604 3
37471 7
36811 4
30590 7
17844 2
25195 4
47953 7
25903 2
34356 6
39279 5
38960 7
26944 1
49124 3
32884 2
20711 2
26851 4
35910 4
45227 7
24501 1
10037 6
39281 3
49295 6
12054 1
45620 7
16559 2 5
47314 2
22023 2
33728 3
33579 4
49839 5
26307 4
24974 1
2 5 22
18709 1
44141 1
32082 1
15216 1
49940 1 2
46600 2
24752 2
37734 1
35908 1
14023 1
48616 2
13810 1
28545 1
46010 1
28185 2
12290 2
41242 1
45150 2
20149 1
47824 2
34408 2
40611 1
20853 2
45154 1
10161 1
26938 2
35203 1
2 7 34
23867 2
26025 2
16196 2
38890 1
21795 2
44144 2
37232 1
27000 2
40087 2
23641 1
24044 1
35464 2
19826 1
23684 2
33986 1
34731 2
46442 2
41510 2
34152 1
25252 1
10110 2
26638 2
21426 2
47298 1
15505 2
35756 2
12890 2
18680 1
12310 2
32818 1
47878 2
25988 2
22231 2
21978 2
36656 1
37246 2
25368 1
13117 1
37411 1
25204 2
33337 2
3 7 94
35265 3
27567 3
10048 1
27289 2
11616 3
13041 2
28126 2
35048 1
33783 2
26915 1
30861 1
45450 1
38148 1
28770 1
11478 2
23729 2
10253 3
15287 2
22084 2
45907 1
39169 3
19444 1
26271 3
11309 1
17976 1
25263 3
38276 1
39314 1
42569 2
46760 2
10567 3
34345 1
40871 1
21440 1
15614 2
27105 2
48919 1
22214 3
28645 1
47442 3
46281 2
24942 1
28084 2
27026 1
14626 1
18638 1
13936 2
41850 3
49216 3
32911 3
43005 2
33524 3
21350 3
32466 2
21781 3
19879 1
32695 3
33686 1
10911 2
35922 2
24940 1
16503 2
42522 1
35680 1
15611 3
24005 2
41025 1
32099 1
33628 3
20938 3
37616 3
48565 2
39478 3
49016 2
41477 2
18062 2
44074 2
10432 2
28153 1
19701 1
10485 1
49715 1
10913 2
19875 1
36921 3
34322 3
24906 3
10218 1
11734 3
13394 3
30437 3
37527 1
12956 3
22848 1
27168 3
44931 1
23533 1
25473 3
20694 3
43593 2
25190 1
5 4 14
18293 2
21799 2
24402 5
35680 2
43551 1
30298 1 3 5
40689 5
39203 3
29641 5
39562 3 4
44125 1
28363 1
31871 2
10869 1 3
24375 5
45787 2 4
46978 2 3
45682 4
4 2 41
31256 3
16707 1
10400 1
20416 4
42177 2
17360 3
21102 2 4
30186 4
42865 2
43328 2
35121 1
14934 4
23661 4
29512 1
31496 1
48304 3
39281 2
41602 3
41775 3
23843 2
37525 1
11507 3
33110 4
36643 2
11599 4
18817 1
38146 1
16901 4
22981 2
32598 3
41683 2
41595 3
49988 3
20816 2
49164 1
35162 4
38234 4
25616 4
30754 2
21998 3
32536 3
21707 1
48044 3
5 16 5
37807 1
27529 3
16349 1
22204 2
42694 1
15796 3
30638 3 4
43715 2 3
10061 3
44754 2
33087 3 4
12165 5
24095 5
44955 1 2
34837 2 5
22140 4
42869 3
25746 4
32596 2
30858 2
34600 3
7 9 66
23190 3
17819 7
46919 4
37884 7
43310 2
21785 7
42976 6
30414 3
10016 5
46488 7
36879 3
13482 3
19587 1
20123 2
31024 6
32062 2 4
29490 7
22967 3
34763 2
21179 5
12708 1
41060 5
39241 6
16089 3
48485 1
47945 2
28814 4
36258 2
45219 1
41961 7
17701 1
26787 5
22066 5
31521 2
44446 3
31007 5
29246 7
15528 7
37111 3
30838 6
36393 1
43358 3
46812 5
35098 7
24843 4
32703 6
25141 3
17306 4
38381 7
12363 5 6
48539 2
17081 7
26065 4
46429 3
22449 5
46936 4
34975 3
40324 3 5
34417 7
36526 6
21787 4
34383 3
38991 2
46894 6
40368 7
23687 2
21813 3
45100 5
22204 2
41797 1
41245 5
19553 1
10990 7
10847 7
30599 6
3 13 41
10637 2
25536 1
25940 2
30910 3
26811 2
24158 2
33552 1
45844 1
40860 2
19662 1
22586 1
35137 3
20550 2
39153 2
34661 2
34483 3
40499 2
16694 3
48370 1
20805 2
43483 2
35890 1
18598 1
46157 3
19682 3
35830 1
10588 2
22083 2
20277 3
23447 2 3
49245 3
27118 2
40133 2
22287 1
30170 1
26780 3
36303 2
44654 2
48692 3
24114 2
11417 2
37978 2
14736 1
28041 3
44180 2
46701 1
46693 3
20937 1
40726 1
37626 2
45816 2
26474 1 3
15378 1 3
35279 3
3 6 91
39448 2
36531 3
41530 2
23055 2
14800 2
34038 2
32167 3
39191 3
35306 1
35093 2
31608 1
24975 2
45480 2
27504 3
31941 3
20436 2
17277 1
17469 1
20112 3
34572 2
27793 3
24285 1
22743 2
12004 2
35342 2
44192 3
14085 3
22991 2
22914 3
39909 3
47316 2
38585 2
16374 1
23103 3
22193 2
17460 2
41172 3
44863 1
33222 2
11771 2
38965 3
20177 2
31709 1
45322 3
44867 3
30879 3
15290 1
34860 2
31423 2
14926 1
43335 2
42227 1
42851 3
24002 3
14606 2
12689 2
11005 1
25131 2
49140 3
16631 3
29838 3
36119 1
29802 3
36897 1
45200 3
18349 2
13219 2
30235 1
16225 1
47478 1
28353 3
35493 3
34955 3
32535 2
46256 2
20367 2
29612 3
13131 2
29784 1
23226 2
31371 2
44843 3
14935 1
47047 3
45001 3
24230 3
10806 1
39124 2
46816 2
12100 3
33163 2
38696 2
34984 2
40056 1
14557 3
16991 1
11625 3
1 19 80
47739 1
21577 1
16581 1
32271 1
38418 1
22266 1
11679 1
24165 1
17960 1
37306 1
36870 1
21529 1
47628 1
24052 1
48296 1
33454 1
32122 1
33618 1
12809 1
21083 1
36002 1
38790 1
38532 1
49083 1
45291 1
36506 1
29293 1
16869 1
41399 1
28168 1
49992 1
22418 1
40496 1
33674 1
10171 1
17660 1
17262 1
47000 1
13332 1
47899 1
47350 1
28760 1
11785 1
45933 1
28245 1
33398 1
29054 1
27255 1
16069 1
27656 1
12559 1
41792 1
29087 1
14597 1
39462 1
13947 1
33706 1
38598 1
21870 1
39747 1
36322 1
34678 1
26407 1
38666 1
43174 1
11184 1
47258 1
49695 1
45585 1
46342 1
11522 1
20830 1
41120 1
22657 1
41287 1
22987 1
39540 1
16024 1
32809 1
28669 1
26391 1
22448 1
28896 1
46540 1
33996 1
10301 1
16597 1
19319 1
10745 1
39315 1
37336 1
43830 1
18487 1
37345 1
18262 1
10304 1
36638 1
13324 1
42014 1
1 18 52
31902 1
45642 1
28372 1
16210 1
29621 1
28065 1
25856 1
39218 1
16036 1
21675 1
41616 1
27311 1
25858 1
10922 1
22507 1
47460 1
29085 1
16664 1
24123 1
43841 1
44604 1
28459 1
15478 1
47550 1
32390 1
38868 1
44616 1
48063 1
43123 1
16292 1
28702 1
47684 1
36760 1
22832 1
27783 1
44577 1
12237 1
38609 1
37720 1
15610 1
43453 1
48574 1
22151 1
26959 1
26633 1
12707 1
39143 1
11296 1
17834 1
38558 1
10320 1
20793 1
14054 1
12519 1
48005 1
34202 1
14915 1
30219 1
32087 1
45563 1
37108 1
28680 1
10971 1
28335 1
46253 1
20095 1
26635 1
22473 1
48086 1
27907 1
1 5 5
29314 1
15473 1
25172 1
47269 1
18237 1
49220 1
14627 1
22435 1
47215 1
15880 1
8 14 76
38645 7
29348 2
22618 2
49517 1
12233 5
35079 1
45651 5
26011 7
13687 6
35623 4
25552 8
15970 3
39490 4
38900 2
26454 1
20354 1
29852 8
25674 6
36932 8
33680 6
39927 1
13375 4
23772 8
13224 8
41625 1
43540 4
27366 6
27945 4
34240 2
46990 4
43888 2
10845 7
31965 6
18527 6
33963 5
46473 7
12641 6
46813 2
37894 2
13304 7
43915 3
34223 6
24531 2
10986 4
14805 2
47025 3
40931 1
10523 8
24539 3
13209 7
16484 3
29048 1
26886 8
22910 7
27027 4
44163 4
14363 6
30965 7
38945 7
29571 8
19377 6
29547 7
44790 7
47890 1 2
49057 7
27926 8
46187 5
22759 6
22789 8
43695 8
26474 7
13548 6
33875 8
47342 1 2
42404 3
39761 8
39149 7
35685 4
36693 4
43375 1
24969 2
44872 3
13769 2
23435 2
39374 5
11275 8
40564 8
19721 5
41645 4
13416 4
7 12 99
42001 5
24076 2
15001 5
48068 3
20231 4
30986 7
21589 7
19303 6
13083 7
45221 3
49428 6
40445 7
20981 3
18163 5
42160 2
33446 2
28341 4
43094 5
14388 3
15431 7
49036 5
32356 6
29045 4
34742 6
38931 3
17635 6
28386 5
26989 5
39960 3
39692 2
35736 2
16643 3
41182 2
22043 5
30836 3 7
19723 6
44552 1
43598 3
36567 5
45515 7
47643 2
23466 7
37843 6
30675 5
37023 7
20084 7
23209 1
28926 1
46124 7
31409 4
16193 7
49363 6
45110 7
24215 5
35633 1
24615 5
30641 5
41751 3
22958 5
48941 3
26878 2 6
33735 5
38953 4
31487 4
46977 7
35213 5
19282 1
11506 2
39770 6
23825 6
38059 7
34810 1
42114 1
43865 6
18928 7
45836 3
39490 5
44023 4
22596 1
27655 4
14368 7
11288 4
34488 3
44800 1
30937 2
13239 2
32638 7
34422 5
37537 5
44712 1 4
10651 5
41477 5
14604 7
14521 4
11902 6
14656 3 7
33596 4
49879 1
31482 1
39020 2
10690 2
12488 5
20844 3
27120 7
45212 1
15390 6
24480 2
23598 3
46051 1
15420 3
48223 6
3 18 56
45848 1
15282 2
23062 2
43716 3
27370 3
18757 2
46260 3
15267 3
29745 3
46651 3
47451 1
12099 2
31310 3
45986 3
17241 1
48968 2
15703 3
47898 1
29973 3
24959 1
27858 1
26696 1
39841 3
20436 1
42397 1
49490 1
20554 1
38960 2
48349 3
33481 3
37685 1
15811 3
12868 2
47069 3
16253 1
22857 1
30766 1
15411 2
46492 2
16822 1
21945 2
38409 1
21696 3
26402 2
45835 3
17350 1
13335 1
31656 3
23748 1
36370 2
29446 1
30990 1
39778 1
32089 3
10862 2
31582 2
32815 1
36224 3
48501 1
11190 1
39700 3
45865 2
14865 3
11746 1
17457 1
36810 2
34715 1
17247 1
49279 1
21400 2
20376 1
17125 3
44234 2
11790 1
1 10 97
33127 1
29972 1
49214 1
29240 1
36420 1
22830 1
17170 1
29772 1
23819 1
21190 1
35414 1
41629 1
21434 1
32469 1
25034 1
10006 1
18353 1
16740 1
28755 1
28424 1
20637 1
41911 1
34105 1
12518 1
15615 1
21562 1
15766 1
40628 1
37975 1
29177 1
29906 1
29447 1
47604 1
47967 1
27300 1
36845 1
34011 1
49533 1
13424 1
33414 1
38395 1
13382 1
47378 1
29936 1
42788 1
38937 1
29239 1
32465 1
36866 1
22186 1
48113 1
32620 1
26573 1
48841 1
43074 1
10748 1
22669 1
14951 1
46679 1
15085 1
37274 1
30641 1
20751 1
17230 1
46118 1
11034 1
49900 1
28307 1
17922 1
34706 1
38145 1
43033 1
34637 1
12876 1
15436 1
48708 1
47542 1
39960 1
14463 1
25926 1
48377 1
16250 1
44567 1
22904 1
29745 1
31549 1
23247 1
35420 1
42676 1
16422 1
22598 1
36609 1
24982 1
39385 1
36552 1
46804 1
49333 1
42509 1
49462 1
17064 1
14741 1
18742 1
47489 1
33722 1
16306 1
10896 1
33382 1
4 16 34
41759 4
27778 1
16631 1
42904 1
28838 2
10371 4
40206 4
26115 4
44146 3
48336 3
37240 3
38079 2
31131 2
20246 1 2 3
40994 2
10132 1
42497 1
36218 3
27625 2
22006 1
18794 1
23092 3
47308 3
19244 3
47089 3
43029 3
34673 4
38217 4
34361 1
13545 2
23705 1
15649 2
33416 3
17854 3
23976 1
36806 3
18719 2
19611 2
17700 4
12810 1
46575 1
29701 1
10132 3
37769 3
23880 1
33004 1
43061 1
24494 4
30625 3
41628 1
5 11 42
32194 3
29854 3
16009 3
17323 1
16071 1
23678 3
24494 3
29051 5
14551 5
49636 5
48228 4
35771 2
34536 1
12711 1
39959 5
10650 5
26516 2
15219 2
27570 3
33190 4
12798 2
44779 1
24920 5
29608 5
38605 4
43830 4
46810 1 4
31560 1
14154 4
44955 2
11829 2
31487 5
15021 1
38809 1
39490 3
17302 1
22558 1
22586 3
16952 3
29464 5
41515 4
37717 5
26311 2
24134 2
44940 1
20048 5
49535 4
45491 1
33190 2
48576 4
44745 3
25346 2
17293 1
7 10 12
32403 4
33997 1 2 5
10356 1
27941 3
18636 3 5 6 7
20672 3 4 6
29710 1
49906 4 5
15218 1 3 4
27638 6
19901 4
29117 1 5 6
28958 6 7
44819 2 7
15942 1
38603 2 4
30782 2 5
31133 3 7
17344 2 3
49382 1
34462 2
12036 1 6
4 10 90
17926 3
16021 2
13128 3
34461 3
15484 1
20452 1
32595 1
39467 2
40406 4
38767 1
33917 4
20738 2
16619 4
15155 3
44246 1
47718 1
13831 1
12681 2
23049 2
29465 3
22062 4
47304 2
49170 4
49190 4
13939 4
35527 3
42448 2
19067 4
34503 1
19604 2
20245 3
15335 3
36862 2
16900 3
28348 4
16642 1
45138 4
24250 4
25122 4
28819 1
22443 3
42809 2
11172 2
35999 3
17748 2
28893 3
24724 4
30932 1
41732 4
37945 1
19868 3
11079 3
47047 1
42219 3
31692 2
10281 4
29034 4
18361 4
42184 3
43771 2
26462 3
37879 3
48310 2
11281 2
31557 3
37965 3
11360 4
19804 3
10457 1
22684 4
40360 2
15409 2
40932 4
45665 2 3
49867 1
35977 4
24364 1
28592 1
29077 1
29479 1
26405 4
25967 4
12754 2
17214 3
44723 2
22411 3
20204 1
37336 1
11165 4
31771 2
35381 1
16188 1
16392 4
38185 4
42948 4
14612 2
41703 4
47244 3
26652 2
23852 2
7 16 31
11576 7
16909 2 4
20497 7
33306 5
21057 7
15940 4
31286 5
28797 3
49880 3
11458 4
48139 7
25877 3
13915 5
41571 4
41559 1 4
29617 2
14927 2
15034 1
31333 7
40410 2 6
24493 3
34319 6
22504 1
41507 5
16075 3
47486 1
44058 3 7
22677 4
48675 4
26342 6
11152 3 4 7
29291 6 7
35276 1
33343 6
26171 7
17216 5
32394 2
42396 5
42529 1
12599 2 5
44836 1
20641 1
28524 7
47127 3
11530 6
43628 1 7
15049 2
4 14 93
40709 2
21329 2
14383 2
17313 4
24977 2
32541 3
48242 2
40788 3
20778 2
49893 2
27229 2 4
28180 1
31117 2
43201 3
32905 1
13856 4
30911 2
49360 4
12914 3
15349 4
30428 3
20021 1
18744 2
18323 2
32825 2
45167 1
44579 3
41645 2
46663 3
43585 2
37872 4
35764 3
44891 3
22963 4
44003 4
16823 1
44011 4
26212 2
10452 1
39558 4
17197 3
11559 2
34111 2
27429 3
25070 4
31547 2
38311 1
20820 3
15167 1
43422 4
44498 3
35610 4
45300 1
29144 4
41612 3
45952 1 2
17562 1
14326 3
12810 1
46186 3
28123 1
34193 2
49026 2
39173 2
49150 3
21641 2
24624 4
38902 3
43691 1
36418 1 3
49426 1
24924 1
28573 1
22835 1
35408 1
29565 4
41719 2
47662 4
26532 3
26674 1
24682 3
33198 2
48341 2
11187 2
29418 2
29295 4
43175 4
14824 2
18340 2
32967 1
42600 1
34817 4
10636 2
37889 2
15713 1
25577 2
20091 2
29577 2
14543 4
11474 3
24869 2
16563 3
24194 4
39931 1
14678 2
15353 3
44720 3
6 15 25
17719 1
31434 5
19571 5
17263 3
30813 6
40953 1
48934 3
21942 3
23181 6
45763 1
41640 1
29926 6
34701 5
12677 4
28655 1
20575 4
28159 3
48913 4 5
23249 4
18486 2
24338 6
20699 5
40888 4
45171 6
36374 5
41014 4
33903 5
26691 6
14943 1
19512 5
19811 5
46102 3
16420 2
32129 6
24659 1
36129 2
13281 1
25090 2
22938 4
32305 5
2 12 53
45251 1
12177 1
44457 1
34090 1
12488 2
44016 2
41336 2
32903 1
42890 2
12385 2
39676 2
12633 1
15785 2
17193 1
17026 2
10612 2
39146 2
21747 2
14541 2
46082 1
38025 1
30928 1
36537 2
19725 2
38060 1
12245 1
23068 2
27195 1
41942 2
34475 1
49422 1
20163 1
18705 2
46728 1
32960 1
42151 2
40089 2
42471 2
22715 2
42373 1
34259 2
30563 2
36460 1
26982 1
42429 1
31658 2
21288 1
39956 1
49705 1
16326 1
43189 1
29425 2
11344 2
36625 1
35082 2
32151 2
27983 2
44823 2
11464 2
23569 1
10001 2
49932 1
42670 1
35229 2
17402 2
3 14 69
46812 1
30359 3
19501 1
20414 2
23963 1
29676 2
44554 3
46302 3
21732 2
42064 2
11799 3
20032 1
30614 2
31430 2
27241 3
10218 2
24254 2
21270 2
48115 2
44113 2
45636 2
13814 2
11133 2
42935 2
18563 2
29114 3
23417 2
12820 2
27478 3
36249 1
49127 2
28692 1
34333 2
33174 3
32501 3
14908 1
30399 3
30994 3
20694 1
42189 2
13024 1
45111 2
45526 1
44706 2
19088 1
47575 3
40594 3
24365 3
16157 3
33888 3
46675 1
41498 3
25181 1
34384 2
13113 1
12410 2
13026 3
44017 2
46641 3
10484 1
17842 3
24649 3
48512 1
29016 3
49973 1
30033 1
45921 1
43402 1
35874 3
13184 3
33935 2
29762 2
18990 2
20922 2
48905 1
28707 2
43371 3
13699 2
33194 2
29590 1
40503 1
40884 3
29667 3
2 17 47
24286 1
34721 2
28436 2
42452 1
41899 1
32691 1
45152 2
47725 2
36627 1
48070 1
21825 2
41453 2
46139 1
33272 2
35707 2
35023 1
20629 2
32953 1
38190 1
49363 2
11776 1
19032 1
30362 1
44759 2
31232 2
46827 2
18207 2
14175 1
13516 1
18595 1
41599 2
44792 2
34898 1
26179 2
39763 1
33978 1
29875 2
22981 1
42037 1
15526 2
20500 1
14959 1
35123 1
21894 2
30264 2
32245 1
12009 1
45179 1
47118 1
11995 2
49398 2
23519 1
27776 2
30390 2
15924 1
46123 1
15064 2
13432 1
35179 1
35657 1
20821 1
26901 2
48189 2
16394 1
0 0 0
