222224444444444444444444444444444444444444444444444444444444444444444444444444333333333333333333333333333333333333333333333
222244444444444444444444444444444444444444444444444444444444444444444444444444433333333333333333333333333333333333333333333
242444444444444444444444444444444444444444444444444444444444444444444444444444443333333333333333333333333333333333333333333
444444444444444444444444444444444444444444444444444444444444444444444444444444444333333333333333333333333333333333333333333
444444444444444444444444444444444444444444444444444444444444444444444444444444444433333333333333333333333333333333333333333
444444444444444444444444444444444444444444444444444444444444444444444444444444444443333333333333333333333333333333333333333
444444444444444444444444444444444444444444444444444444444444444444444444444444444444333333333333333333333333333333333333333
444444444444444444444444444444444444444444444444444444444444444444444444444444444444433333333333333333333333333333333333331
444444444444444444444444444444444444444444444444444444444444444444444444444444444444443333333333333333333333333333333333111
444444444444444444444444444444444444444444444444444444444444444444444444444444444444444333333333333333333333333333333311111

9 11 396 814 