0 872471 9 48528542
1 362115 9 -71140810
2 55436 9 -77428415
4 684444 9 -34912557
5 174088 9 12004621
8 818763 9 -53787846
9 308407 9 18759653
10 1728 9 20980578
12 630736 9 11584431
13 120380 9 -31152151
16 80347 9 -51606575
24 26639 9 76450553
64 158004 9 -84238772
72 104296 9 79046828
128 627737 9 -59778972
129 117381 9 30823262
132 439710 9 55105743
136 574029 9 59190648
137 63673 9 -93281383
140 386002 9 -48178947
256 22716 9 -3831048
512 198842 9 -34359711
516 10815 9 77447381
520 145134 9 35860145
Case 1: 82085212
